spawns:
  default:
    world: 255e66ad-ce9a-4926-b3c1-af177838550f
    world-name: world
    x: 0.5286455383035895
    y: 144.0
    z: 0.6212466809742567
    yaw: -179.99029541015625
    pitch: -3.899982452392578
